2.780770305688396782e+00
4.484406660796715904e+00
4.684570403118775594e+00
6.311628290285722365e+00
7.076253514225692598e+00
6.955871344707012405e+00
7.156876275276195187e+00
7.342793915852826814e+00
8.383500700318171184e+00
7.525922362508389973e+00
9.509718687144669502e+00
8.941735154329380819e+00
9.658746189488406131e+00
8.671013639575727794e+00
7.957750540071359957e+00
6.853240189021720496e+00
6.357343458016944560e+00
6.051696594866339041e+00
6.107022822101185966e+00
8.174739917553573321e+00
6.060748562568488929e+00
5.668378742501903211e+00
5.806707811641567574e+00
5.634746355897611636e+00
6.097772900476001290e+00
5.569504104831553448e+00
5.299707085815183127e+00
3.886945363375955864e+00
2.933224981315799784e+00
3.291880486690810237e+00
3.415570045471341576e+00
4.938233895865558054e+00
5.302648467622907980e+00
7.193614147120282354e+00
7.285315003904464959e+00
7.104219940932158472e+00
7.611167170927809700e+00
7.826806568006139386e+00
8.184916454938697683e+00
8.802166932783793030e+00
1.008419959243408925e+01
1.069834129895794739e+01
9.719492871369489251e+00
8.320371497790391757e+00
8.378435373108500173e+00
9.215470041251487388e+00
1.071289865086493798e+01
1.183107561121304840e+01
1.165445369454475610e+01
1.270594912570122048e+01
1.501954432297930353e+01
1.509413319033296297e+01
1.669919020093088236e+01
1.558850162235710712e+01
1.625010876878526744e+01
1.636736228674032390e+01
1.459699121780505671e+01
1.420006729539870349e+01
1.396106085868336599e+01
1.334719251127347128e+01
1.350386148391897301e+01
1.296692249498335947e+01
1.182480701848553295e+01
1.079182989342545795e+01
1.068246260727794450e+01
1.227630087325815289e+01
1.275309610183327891e+01
1.192371595810339713e+01
1.040926120817877276e+01
1.008381591008062550e+01
1.209471681041833868e+01
1.141457847667194159e+01
1.299234282727739043e+01
1.179513430115176043e+01
1.021456473043367552e+01
1.014488898268210626e+01
9.828698194783010322e+00
1.052759160503649305e+01
9.067952573478478939e+00
1.011510285002252374e+01
9.940061671859213632e+00
9.976863547478522776e+00
1.028077472851901852e+01
1.084964689680707117e+01
8.795273213975864479e+00
9.373048130650197152e+00
9.114226091730527557e+00
6.868336998299001017e+00
7.463291294541296139e+00
8.267668658808949189e+00
7.608175245810311793e+00
7.590628766325512977e+00
7.128421485338173547e+00
5.522469297921715814e+00
5.532751670649665776e+00
3.941405301413016815e+00
3.668236437896470470e+00
5.477187113600142432e+00
6.320055174248603080e+00
5.719577908190056625e+00
